[array([0.  , 0.99]), array([0.  , 0.99]), array([0.99, 0.  , 0.67]), array([0.433333, 0.366667, 0.366667, 0.4     ]), array([0., 0., 0., 0.]), array([0.      , 0.100494, 0.068835, 0.999999, 0.      ]), array([0.      , 0.      , 0.157617, 0.      , 0.205266, 0.999999]), array([0.210273, 0.29017 , 0.134932, 0.279054, 0.43014 , 0.552179,
       0.318519, 0.488237])]
[array([0.99, 0.  ]), array([0.99, 0.99]), array([0.48, 0.99, 0.  ]), array([0.4     , 0.366667, 0.333333, 0.433333]), array([0.653323, 0.999999, 0.999999, 0.999999]), array([0.355092, 0.      , 0.861367, 0.999999, 0.264773]), array([0.999999, 0.      , 0.999999, 0.999999, 0.      , 0.999999]), array([0.265549, 0.200695, 0.16959 , 0.358663, 0.487994, 0.645308,
       0.486508, 0.854705])]
[array([0.66, 0.  ]), array([0. , 0.7]), array([0.36, 0.  , 0.86]), array([0.4     , 0.333333, 0.433333, 0.4     ]), array([0.999999, 0.999999, 0.999999, 0.999999]), array([0.399365, 0.394971, 0.473561, 0.739051, 0.090497]), array([0.      , 0.628959, 0.757851, 0.      , 0.357638, 0.999999]), array([0.062713, 0.130847, 0.292516, 0.149428, 0.465503, 0.571193,
       0.528947, 0.518116])]
[array([0.66, 0.  ]), array([0. , 0.7]), array([0.36, 0.  , 0.86]), array([0.4     , 0.333333, 0.433333, 0.4     ]), array([0.999999, 0.999999, 0.999999, 0.999999]), array([0.399365, 0.394971, 0.473561, 0.739051, 0.090497]), array([0.      , 0.628959, 0.757851, 0.      , 0.357638, 0.999999]), array([0.062713, 0.130847, 0.292516, 0.149428, 0.465503, 0.571193,
       0.528947, 0.518116])]
[array([0.66, 0.  ]), array([0. , 0.7]), array([0.36, 0.  , 0.86]), array([0.4     , 0.333333, 0.433333, 0.4     ]), array([0.999999, 0.999999, 0.999999, 0.999999]), array([0.399365, 0.394971, 0.473561, 0.739051, 0.090497]), array([0.      , 0.628959, 0.757851, 0.      , 0.357638, 0.999999]), array([0.062713, 0.130847, 0.292516, 0.149428, 0.465503, 0.571193,
       0.528947, 0.518116])]
[array([0.66, 0.  ]), array([0. , 0.7]), array([0.36, 0.  , 0.86]), array([0.4     , 0.333333, 0.433333, 0.4     ]), array([0.999999, 0.999999, 0.999999, 0.999999]), array([0.399365, 0.394971, 0.473561, 0.739051, 0.090497]), array([0.      , 0.628959, 0.757851, 0.      , 0.357638, 0.999999]), array([0.062713, 0.130847, 0.292516, 0.149428, 0.465503, 0.571193,
       0.528947, 0.518116])]
[array([0.66, 0.  ]), array([0. , 0.7]), array([0.36, 0.  , 0.86]), array([0.4     , 0.333333, 0.433333, 0.4     ]), array([0.999999, 0.999999, 0.999999, 0.999999]), array([0.399365, 0.394971, 0.473561, 0.739051, 0.090497]), array([0.      , 0.628959, 0.757851, 0.      , 0.357638, 0.999999]), array([0.062713, 0.130847, 0.292516, 0.149428, 0.465503, 0.571193,
       0.528947, 0.518116])]
[array([0., 0.]), array([0.31, 0.99]), array([0.69, 0.99, 0.88]), array([0.433333, 0.333333, 0.333333, 0.366667]), array([0.999999, 0.      , 0.      , 0.      ]), array([0.999999, 0.999999, 0.999999, 0.999999, 0.999999]), array([0.      , 0.999999, 0.      , 0.      , 0.385887, 0.      ]), array([0.246243, 0.409948, 0.270481, 0.383548, 0.433762, 0.485076,
       0.398964, 0.409342])]
[array([0.99, 0.99]), array([0.99, 0.  ]), array([0.99, 0.58, 0.  ]), array([0.4     , 0.433333, 0.366667, 0.4     ]), array([0.      , 0.999999, 0.999999, 0.      ]), array([0.360105, 0.226128, 0.566352, 0.535602, 0.170006]), array([0.      , 0.      , 0.999999, 0.999999, 0.      , 0.999999]), array([0.245435, 0.      , 0.085235, 0.19517 , 0.252149, 0.581288,
       0.334944, 0.677033])]
[array([0.21, 0.99]), array([0.68, 0.  ]), array([0.99, 0.  , 0.  ]), array([0.433333, 0.4     , 0.366667, 0.4     ]), array([0.      , 0.999999, 0.      , 0.999999]), array([0.290673, 0.510997, 0.264849, 0.407306, 0.186502]), array([0.999999, 0.999999, 0.039604, 0.999999, 0.999999, 0.      ]), array([0.17672 , 0.191974, 0.156996, 0.196604, 0.556229, 0.823709,
       0.209507, 0.677535])]
[array([0.99, 0.81]), array([0.82, 0.99]), array([0.49, 0.19, 0.64]), array([0.8     , 0.      , 0.966667, 0.5     ]), array([0.999999, 0.999999, 0.999999, 0.999999]), array([0.420957, 0.61867 , 0.06222 , 0.878312, 0.203746]), array([0.      , 0.257682, 0.29708 , 0.089549, 0.438481, 0.569585]), array([0.19631 , 0.263867, 0.168181, 0.190897, 0.579993, 0.602231,
       0.280189, 0.632524])]
[array([0.99, 0.81]), array([0.82, 0.99]), array([0.49, 0.19, 0.64]), array([0.8     , 0.      , 0.966667, 0.5     ]), array([0.999999, 0.999999, 0.999999, 0.999999]), array([0.420957, 0.61867 , 0.06222 , 0.878312, 0.203746]), array([0.      , 0.257682, 0.29708 , 0.089549, 0.438481, 0.569585]), array([0.19631 , 0.263867, 0.168181, 0.190897, 0.579993, 0.602231,
       0.280189, 0.632524])]
[array([0.5, 0.5]), array([0.95, 0.29]), array([0.5     , 0.64    , 0.340303]), array([0.4, 0.4, 0.4, 0.4]), array([0.486828, 0.      , 0.226058, 0.007169]), array([0.578072, 0.949009, 0.087812, 0.528564, 0.177007]), array([0.      , 0.511413, 0.153744, 0.070517, 0.38981 , 0.755719]), array([0.161983, 0.132279, 0.12939 , 0.269199, 0.516103, 0.631162,
       0.310181, 0.62385 ])]