[array([0.  , 0.99]), array([0.  , 0.99]), array([0.99, 0.  , 0.67]), array([0.433333, 0.366667, 0.366667, 0.4     ]), array([0., 0., 0., 0.]), array([0.      , 0.100494, 0.068835, 0.999999, 0.      ]), array([0.      , 0.      , 0.157617, 0.      , 0.205266, 0.999999]), array([0.210273, 0.29017 , 0.134932, 0.279054, 0.43014 , 0.552179,
       0.318519, 0.488237])]
[array([0.99, 0.  ]), array([0.99, 0.99]), array([0.48, 0.99, 0.  ]), array([0.4     , 0.366667, 0.333333, 0.433333]), array([0.653323, 0.999999, 0.999999, 0.999999]), array([0.355092, 0.      , 0.861367, 0.999999, 0.264773]), array([0.999999, 0.      , 0.999999, 0.999999, 0.      , 0.999999]), array([0.265549, 0.200695, 0.16959 , 0.358663, 0.487994, 0.645308,
       0.486508, 0.854705])]
[array([0.66, 0.  ]), array([0. , 0.7]), array([0.36, 0.  , 0.86]), array([0.4     , 0.333333, 0.433333, 0.4     ]), array([0.999999, 0.999999, 0.999999, 0.999999]), array([0.399365, 0.394971, 0.473561, 0.739051, 0.090497]), array([0.      , 0.628959, 0.757851, 0.      , 0.357638, 0.999999]), array([0.062713, 0.130847, 0.292516, 0.149428, 0.465503, 0.571193,
       0.528947, 0.518116])]
[array([0.66, 0.  ]), array([0. , 0.7]), array([0.36, 0.  , 0.86]), array([0.4     , 0.333333, 0.433333, 0.4     ]), array([0.999999, 0.999999, 0.999999, 0.999999]), array([0.399365, 0.394971, 0.473561, 0.739051, 0.090497]), array([0.      , 0.628959, 0.757851, 0.      , 0.357638, 0.999999]), array([0.062713, 0.130847, 0.292516, 0.149428, 0.465503, 0.571193,
       0.528947, 0.518116])]
[array([0.66, 0.  ]), array([0. , 0.7]), array([0.36, 0.  , 0.86]), array([0.4     , 0.333333, 0.433333, 0.4     ]), array([0.999999, 0.999999, 0.999999, 0.999999]), array([0.399365, 0.394971, 0.473561, 0.739051, 0.090497]), array([0.      , 0.628959, 0.757851, 0.      , 0.357638, 0.999999]), array([0.062713, 0.130847, 0.292516, 0.149428, 0.465503, 0.571193,
       0.528947, 0.518116])]
[array([0.66, 0.  ]), array([0. , 0.7]), array([0.36, 0.  , 0.86]), array([0.4     , 0.333333, 0.433333, 0.4     ]), array([0.999999, 0.999999, 0.999999, 0.999999]), array([0.399365, 0.394971, 0.473561, 0.739051, 0.090497]), array([0.      , 0.628959, 0.757851, 0.      , 0.357638, 0.999999]), array([0.062713, 0.130847, 0.292516, 0.149428, 0.465503, 0.571193,
       0.528947, 0.518116])]
[array([0.66, 0.  ]), array([0. , 0.7]), array([0.36, 0.  , 0.86]), array([0.4     , 0.333333, 0.433333, 0.4     ]), array([0.999999, 0.999999, 0.999999, 0.999999]), array([0.399365, 0.394971, 0.473561, 0.739051, 0.090497]), array([0.      , 0.628959, 0.757851, 0.      , 0.357638, 0.999999]), array([0.062713, 0.130847, 0.292516, 0.149428, 0.465503, 0.571193,
       0.528947, 0.518116])]
[array([0., 0.]), array([0.31, 0.99]), array([0.69, 0.99, 0.88]), array([0.433333, 0.333333, 0.333333, 0.366667]), array([0.999999, 0.      , 0.      , 0.      ]), array([0.999999, 0.999999, 0.999999, 0.999999, 0.999999]), array([0.      , 0.999999, 0.      , 0.      , 0.385887, 0.      ]), array([0.246243, 0.409948, 0.270481, 0.383548, 0.433762, 0.485076,
       0.398964, 0.409342])]